model: Logistic Regression with Quadratic = False
+------+-----+--------+--------+--------+
| PCA  |  pi | lambda | z-norm | minDCF |
+------+-----+--------+--------+--------+
| None | 0.1 | 1e-05  | False  | 0.718  |
| None | 0.1 | 0.0001 | False  | 0.718  |
| None | 0.1 | 0.001  | False  | 0.718  |
| None | 0.1 |  0.01  | False  | 0.717  |
| None | 0.1 |  0.1   | False  | 0.714  |
| None | 0.1 |   1    | False  | 0.701  |
| None | 0.1 |   10   | False  | 0.731  |
| None | 0.1 |  100   | False  | 0.746  |
|  9   | 0.1 | 1e-05  | False  | 0.733  |
|  9   | 0.1 | 0.0001 | False  | 0.733  |
|  9   | 0.1 | 0.001  | False  |  0.73  |
|  9   | 0.1 |  0.01  | False  | 0.713  |
|  9   | 0.1 |  0.1   | False  | 0.738  |
|  9   | 0.1 |   1    | False  | 0.744  |
|  9   | 0.1 |   10   | False  | 0.758  |
|  9   | 0.1 |  100   | False  | 0.753  |
|  8   | 0.1 | 1e-05  | False  | 0.733  |
|  8   | 0.1 | 0.0001 | False  | 0.733  |
|  8   | 0.1 | 0.001  | False  | 0.725  |
|  8   | 0.1 |  0.01  | False  | 0.713  |
|  8   | 0.1 |  0.1   | False  | 0.736  |
|  8   | 0.1 |   1    | False  | 0.739  |
|  8   | 0.1 |   10   | False  | 0.755  |
|  8   | 0.1 |  100   | False  | 0.749  |
|  7   | 0.1 | 1e-05  | False  | 0.731  |
|  7   | 0.1 | 0.0001 | False  |  0.73  |
|  7   | 0.1 | 0.001  | False  | 0.725  |
|  7   | 0.1 |  0.01  | False  | 0.706  |
|  7   | 0.1 |  0.1   | False  | 0.738  |
|  7   | 0.1 |   1    | False  | 0.739  |
|  7   | 0.1 |   10   | False  | 0.757  |
|  7   | 0.1 |  100   | False  | 0.752  |
| None | 0.1 | 1e-05  |  True  | 0.718  |
| None | 0.1 | 0.0001 |  True  | 0.718  |
| None | 0.1 | 0.001  |  True  |  0.72  |
| None | 0.1 |  0.01  |  True  |  0.71  |
| None | 0.1 |  0.1   |  True  | 0.729  |
| None | 0.1 |   1    |  True  | 0.743  |
| None | 0.1 |   10   |  True  | 0.757  |
| None | 0.1 |  100   |  True  | 0.758  |
|  9   | 0.1 | 1e-05  |  True  | 0.733  |
|  9   | 0.1 | 0.0001 |  True  | 0.733  |
|  9   | 0.1 | 0.001  |  True  |  0.73  |
|  9   | 0.1 |  0.01  |  True  | 0.713  |
|  9   | 0.1 |  0.1   |  True  | 0.738  |
|  9   | 0.1 |   1    |  True  | 0.744  |
|  9   | 0.1 |   10   |  True  | 0.758  |
|  9   | 0.1 |  100   |  True  | 0.758  |
|  8   | 0.1 | 1e-05  |  True  | 0.733  |
|  8   | 0.1 | 0.0001 |  True  | 0.733  |
|  8   | 0.1 | 0.001  |  True  | 0.725  |
|  8   | 0.1 |  0.01  |  True  | 0.713  |
|  8   | 0.1 |  0.1   |  True  | 0.736  |
|  8   | 0.1 |   1    |  True  | 0.739  |
|  8   | 0.1 |   10   |  True  | 0.755  |
|  8   | 0.1 |  100   |  True  | 0.752  |
|  7   | 0.1 | 1e-05  |  True  | 0.731  |
|  7   | 0.1 | 0.0001 |  True  |  0.73  |
|  7   | 0.1 | 0.001  |  True  | 0.725  |
|  7   | 0.1 |  0.01  |  True  | 0.706  |
|  7   | 0.1 |  0.1   |  True  | 0.738  |
|  7   | 0.1 |   1    |  True  | 0.739  |
|  7   | 0.1 |   10   |  True  | 0.757  |
|  7   | 0.1 |  100   |  True  | 0.757  |
| None | 0.5 | 1e-05  | False  | 0.468  |
| None | 0.5 | 0.0001 | False  | 0.468  |
| None | 0.5 | 0.001  | False  | 0.468  |
| None | 0.5 |  0.01  | False  |  0.47  |
| None | 0.5 |  0.1   | False  | 0.467  |
| None | 0.5 |   1    | False  | 0.484  |
| None | 0.5 |   10   | False  | 0.539  |
| None | 0.5 |  100   | False  | 0.567  |
|  9   | 0.5 | 1e-05  | False  | 0.477  |
|  9   | 0.5 | 0.0001 | False  | 0.478  |
|  9   | 0.5 | 0.001  | False  | 0.478  |
|  9   | 0.5 |  0.01  | False  | 0.484  |
|  9   | 0.5 |  0.1   | False  | 0.516  |
|  9   | 0.5 |   1    | False  | 0.546  |
|  9   | 0.5 |   10   | False  | 0.558  |
|  9   | 0.5 |  100   | False  | 0.561  |
|  8   | 0.5 | 1e-05  | False  |  0.47  |
|  8   | 0.5 | 0.0001 | False  | 0.471  |
|  8   | 0.5 | 0.001  | False  |  0.47  |
|  8   | 0.5 |  0.01  | False  | 0.474  |
|  8   | 0.5 |  0.1   | False  |  0.51  |
|  8   | 0.5 |   1    | False  | 0.537  |
|  8   | 0.5 |   10   | False  | 0.555  |
|  8   | 0.5 |  100   | False  | 0.556  |
|  7   | 0.5 | 1e-05  | False  | 0.474  |
|  7   | 0.5 | 0.0001 | False  | 0.474  |
|  7   | 0.5 | 0.001  | False  | 0.474  |
|  7   | 0.5 |  0.01  | False  | 0.475  |
|  7   | 0.5 |  0.1   | False  | 0.509  |
|  7   | 0.5 |   1    | False  | 0.541  |
|  7   | 0.5 |   10   | False  |  0.56  |
|  7   | 0.5 |  100   | False  | 0.596  |
| None | 0.5 | 1e-05  |  True  | 0.468  |
| None | 0.5 | 0.0001 |  True  | 0.468  |
| None | 0.5 | 0.001  |  True  |  0.47  |
| None | 0.5 |  0.01  |  True  | 0.478  |
| None | 0.5 |  0.1   |  True  | 0.504  |
| None | 0.5 |   1    |  True  |  0.55  |
| None | 0.5 |   10   |  True  |  0.57  |
| None | 0.5 |  100   |  True  |  0.57  |
|  9   | 0.5 | 1e-05  |  True  | 0.477  |
|  9   | 0.5 | 0.0001 |  True  | 0.478  |
|  9   | 0.5 | 0.001  |  True  | 0.478  |
|  9   | 0.5 |  0.01  |  True  | 0.484  |
|  9   | 0.5 |  0.1   |  True  | 0.516  |
|  9   | 0.5 |   1    |  True  | 0.546  |
|  9   | 0.5 |   10   |  True  | 0.558  |
|  9   | 0.5 |  100   |  True  | 0.561  |
|  8   | 0.5 | 1e-05  |  True  |  0.47  |
|  8   | 0.5 | 0.0001 |  True  | 0.471  |
|  8   | 0.5 | 0.001  |  True  |  0.47  |
|  8   | 0.5 |  0.01  |  True  | 0.474  |
|  8   | 0.5 |  0.1   |  True  |  0.51  |
|  8   | 0.5 |   1    |  True  | 0.537  |
|  8   | 0.5 |   10   |  True  | 0.555  |
|  8   | 0.5 |  100   |  True  | 0.556  |
|  7   | 0.5 | 1e-05  |  True  | 0.474  |
|  7   | 0.5 | 0.0001 |  True  | 0.474  |
|  7   | 0.5 | 0.001  |  True  | 0.474  |
|  7   | 0.5 |  0.01  |  True  | 0.475  |
|  7   | 0.5 |  0.1   |  True  | 0.509  |
|  7   | 0.5 |   1    |  True  | 0.541  |
|  7   | 0.5 |   10   |  True  |  0.56  |
|  7   | 0.5 |  100   |  True  | 0.596  |
| None | 0.9 | 1e-05  | False  | 0.192  |
| None | 0.9 | 0.0001 | False  | 0.192  |
| None | 0.9 | 0.001  | False  | 0.192  |
| None | 0.9 |  0.01  | False  | 0.192  |
| None | 0.9 |  0.1   | False  | 0.194  |
| None | 0.9 |   1    | False  | 0.196  |
| None | 0.9 |   10   | False  | 0.198  |
| None | 0.9 |  100   | False  | 0.209  |
|  9   | 0.9 | 1e-05  | False  | 0.191  |
|  9   | 0.9 | 0.0001 | False  | 0.191  |
|  9   | 0.9 | 0.001  | False  | 0.191  |
|  9   | 0.9 |  0.01  | False  | 0.193  |
|  9   | 0.9 |  0.1   | False  |  0.2   |
|  9   | 0.9 |   1    | False  | 0.203  |
|  9   | 0.9 |   10   | False  | 0.203  |
|  9   | 0.9 |  100   | False  | 0.202  |
|  8   | 0.9 | 1e-05  | False  | 0.194  |
|  8   | 0.9 | 0.0001 | False  | 0.194  |
|  8   | 0.9 | 0.001  | False  | 0.193  |
|  8   | 0.9 |  0.01  | False  | 0.196  |
|  8   | 0.9 |  0.1   | False  | 0.203  |
|  8   | 0.9 |   1    | False  | 0.203  |
|  8   | 0.9 |   10   | False  | 0.203  |
|  8   | 0.9 |  100   | False  | 0.201  |
|  7   | 0.9 | 1e-05  | False  | 0.193  |
|  7   | 0.9 | 0.0001 | False  | 0.193  |
|  7   | 0.9 | 0.001  | False  | 0.194  |
|  7   | 0.9 |  0.01  | False  | 0.195  |
|  7   | 0.9 |  0.1   | False  | 0.202  |
|  7   | 0.9 |   1    | False  | 0.203  |
|  7   | 0.9 |   10   | False  | 0.201  |
|  7   | 0.9 |  100   | False  | 0.202  |
| None | 0.9 | 1e-05  |  True  | 0.192  |
| None | 0.9 | 0.0001 |  True  | 0.192  |
| None | 0.9 | 0.001  |  True  | 0.192  |
| None | 0.9 |  0.01  |  True  | 0.193  |
| None | 0.9 |  0.1   |  True  | 0.197  |
| None | 0.9 |   1    |  True  |  0.2   |
| None | 0.9 |   10   |  True  | 0.201  |
| None | 0.9 |  100   |  True  | 0.203  |
|  9   | 0.9 | 1e-05  |  True  | 0.191  |
|  9   | 0.9 | 0.0001 |  True  | 0.191  |
|  9   | 0.9 | 0.001  |  True  | 0.191  |
|  9   | 0.9 |  0.01  |  True  | 0.193  |
|  9   | 0.9 |  0.1   |  True  |  0.2   |
|  9   | 0.9 |   1    |  True  | 0.203  |
|  9   | 0.9 |   10   |  True  | 0.203  |
|  9   | 0.9 |  100   |  True  | 0.202  |
|  8   | 0.9 | 1e-05  |  True  | 0.194  |
|  8   | 0.9 | 0.0001 |  True  | 0.194  |
|  8   | 0.9 | 0.001  |  True  | 0.193  |
|  8   | 0.9 |  0.01  |  True  | 0.196  |
|  8   | 0.9 |  0.1   |  True  | 0.203  |
|  8   | 0.9 |   1    |  True  | 0.203  |
|  8   | 0.9 |   10   |  True  | 0.203  |
|  8   | 0.9 |  100   |  True  | 0.205  |
|  7   | 0.9 | 1e-05  |  True  | 0.193  |
|  7   | 0.9 | 0.0001 |  True  | 0.193  |
|  7   | 0.9 | 0.001  |  True  | 0.194  |
|  7   | 0.9 |  0.01  |  True  | 0.195  |
|  7   | 0.9 |  0.1   |  True  | 0.202  |
|  7   | 0.9 |   1    |  True  | 0.203  |
|  7   | 0.9 |   10   |  True  | 0.201  |
|  7   | 0.9 |  100   |  True  | 0.204  |
+------+-----+--------+--------+--------+

model: Logistic Regression with Quadratic = True
+------+-----+--------+--------+--------+
| PCA  |  pi | lambda | z-norm | minDCF |
+------+-----+--------+--------+--------+
| None | 0.1 | 1e-05  | False  | 0.515  |
| None | 0.1 | 0.0001 | False  | 0.527  |
| None | 0.1 | 0.001  | False  | 0.529  |
| None | 0.1 |  0.01  | False  | 0.535  |
| None | 0.1 |  0.1   | False  | 0.539  |
| None | 0.1 |   1    | False  | 0.603  |
| None | 0.1 |   10   | False  | 0.626  |
| None | 0.1 |  100   | False  | 0.645  |
|  9   | 0.1 | 1e-05  | False  | 0.589  |
|  9   | 0.1 | 0.0001 | False  | 0.574  |
|  9   | 0.1 | 0.001  | False  | 0.578  |
|  9   | 0.1 |  0.01  | False  |  0.56  |
|  9   | 0.1 |  0.1   | False  | 0.579  |
|  9   | 0.1 |   1    | False  | 0.601  |
|  9   | 0.1 |   10   | False  | 0.645  |
|  9   | 0.1 |  100   | False  |  0.66  |
|  8   | 0.1 | 1e-05  | False  | 0.598  |
|  8   | 0.1 | 0.0001 | False  | 0.576  |
|  8   | 0.1 | 0.001  | False  | 0.588  |
|  8   | 0.1 |  0.01  | False  | 0.559  |
|  8   | 0.1 |  0.1   | False  | 0.588  |
|  8   | 0.1 |   1    | False  | 0.615  |
|  8   | 0.1 |   10   | False  | 0.665  |
|  8   | 0.1 |  100   | False  | 0.673  |
|  7   | 0.1 | 1e-05  | False  | 0.637  |
|  7   | 0.1 | 0.0001 | False  |  0.63  |
|  7   | 0.1 | 0.001  | False  | 0.609  |
|  7   | 0.1 |  0.01  | False  | 0.567  |
|  7   | 0.1 |  0.1   | False  |  0.59  |
|  7   | 0.1 |   1    | False  | 0.652  |
|  7   | 0.1 |   10   | False  | 0.682  |
|  7   | 0.1 |  100   | False  | 0.687  |
| None | 0.1 | 1e-05  |  True  | 0.463  |
| None | 0.1 | 0.0001 |  True  | 0.474  |
| None | 0.1 | 0.001  |  True  | 0.468  |
| None | 0.1 |  0.01  |  True  | 0.495  |
| None | 0.1 |  0.1   |  True  | 0.588  |
| None | 0.1 |   1    |  True  | 0.612  |
| None | 0.1 |   10   |  True  | 0.652  |
| None | 0.1 |  100   |  True  | 0.667  |
|  9   | 0.1 | 1e-05  |  True  | 0.589  |
|  9   | 0.1 | 0.0001 |  True  | 0.574  |
|  9   | 0.1 | 0.001  |  True  | 0.578  |
|  9   | 0.1 |  0.01  |  True  |  0.56  |
|  9   | 0.1 |  0.1   |  True  | 0.579  |
|  9   | 0.1 |   1    |  True  | 0.601  |
|  9   | 0.1 |   10   |  True  | 0.645  |
|  9   | 0.1 |  100   |  True  |  0.66  |
|  8   | 0.1 | 1e-05  |  True  | 0.598  |
|  8   | 0.1 | 0.0001 |  True  | 0.576  |
|  8   | 0.1 | 0.001  |  True  | 0.588  |
|  8   | 0.1 |  0.01  |  True  | 0.559  |
|  8   | 0.1 |  0.1   |  True  | 0.588  |
|  8   | 0.1 |   1    |  True  | 0.615  |
|  8   | 0.1 |   10   |  True  | 0.665  |
|  8   | 0.1 |  100   |  True  | 0.673  |
|  7   | 0.1 | 1e-05  |  True  | 0.637  |
|  7   | 0.1 | 0.0001 |  True  |  0.63  |
|  7   | 0.1 | 0.001  |  True  | 0.609  |
|  7   | 0.1 |  0.01  |  True  | 0.567  |
|  7   | 0.1 |  0.1   |  True  |  0.59  |
|  7   | 0.1 |   1    |  True  | 0.652  |
|  7   | 0.1 |   10   |  True  | 0.682  |
|  7   | 0.1 |  100   |  True  | 0.687  |
| None | 0.5 | 1e-05  | False  | 0.282  |
| None | 0.5 | 0.0001 | False  | 0.294  |
| None | 0.5 | 0.001  | False  | 0.291  |
| None | 0.5 |  0.01  | False  |  0.29  |
| None | 0.5 |  0.1   | False  | 0.303  |
| None | 0.5 |   1    | False  | 0.307  |
| None | 0.5 |   10   | False  |  0.33  |
| None | 0.5 |  100   | False  |  0.36  |
|  9   | 0.5 | 1e-05  | False  | 0.301  |
|  9   | 0.5 | 0.0001 | False  | 0.301  |
|  9   | 0.5 | 0.001  | False  |  0.29  |
|  9   | 0.5 |  0.01  | False  | 0.282  |
|  9   | 0.5 |  0.1   | False  | 0.291  |
|  9   | 0.5 |   1    | False  | 0.334  |
|  9   | 0.5 |   10   | False  | 0.371  |
|  9   | 0.5 |  100   | False  | 0.385  |
|  8   | 0.5 | 1e-05  | False  | 0.274  |
|  8   | 0.5 | 0.0001 | False  | 0.274  |
|  8   | 0.5 | 0.001  | False  | 0.278  |
|  8   | 0.5 |  0.01  | False  | 0.271  |
|  8   | 0.5 |  0.1   | False  | 0.291  |
|  8   | 0.5 |   1    | False  | 0.338  |
|  8   | 0.5 |   10   | False  | 0.376  |
|  8   | 0.5 |  100   | False  | 0.383  |
|  7   | 0.5 | 1e-05  | False  | 0.286  |
|  7   | 0.5 | 0.0001 | False  | 0.284  |
|  7   | 0.5 | 0.001  | False  | 0.276  |
|  7   | 0.5 |  0.01  | False  | 0.287  |
|  7   | 0.5 |  0.1   | False  | 0.301  |
|  7   | 0.5 |   1    | False  | 0.342  |
|  7   | 0.5 |   10   | False  | 0.379  |
|  7   | 0.5 |  100   | False  | 0.398  |
| None | 0.5 | 1e-05  |  True  | 0.276  |
| None | 0.5 | 0.0001 |  True  | 0.271  |
| None | 0.5 | 0.001  |  True  | 0.274  |
| None | 0.5 |  0.01  |  True  |  0.28  |
| None | 0.5 |  0.1   |  True  | 0.289  |
| None | 0.5 |   1    |  True  | 0.327  |
| None | 0.5 |   10   |  True  | 0.366  |
| None | 0.5 |  100   |  True  | 0.382  |
|  9   | 0.5 | 1e-05  |  True  | 0.301  |
|  9   | 0.5 | 0.0001 |  True  | 0.301  |
|  9   | 0.5 | 0.001  |  True  |  0.29  |
|  9   | 0.5 |  0.01  |  True  | 0.282  |
|  9   | 0.5 |  0.1   |  True  | 0.291  |
|  9   | 0.5 |   1    |  True  | 0.334  |
|  9   | 0.5 |   10   |  True  | 0.371  |
|  9   | 0.5 |  100   |  True  | 0.385  |
|  8   | 0.5 | 1e-05  |  True  | 0.274  |
|  8   | 0.5 | 0.0001 |  True  | 0.274  |
|  8   | 0.5 | 0.001  |  True  | 0.278  |
|  8   | 0.5 |  0.01  |  True  | 0.271  |
|  8   | 0.5 |  0.1   |  True  | 0.291  |
|  8   | 0.5 |   1    |  True  | 0.338  |
|  8   | 0.5 |   10   |  True  | 0.376  |
|  8   | 0.5 |  100   |  True  | 0.383  |
|  7   | 0.5 | 1e-05  |  True  | 0.286  |
|  7   | 0.5 | 0.0001 |  True  | 0.284  |
|  7   | 0.5 | 0.001  |  True  | 0.276  |
|  7   | 0.5 |  0.01  |  True  | 0.287  |
|  7   | 0.5 |  0.1   |  True  | 0.301  |
|  7   | 0.5 |   1    |  True  | 0.342  |
|  7   | 0.5 |   10   |  True  | 0.379  |
|  7   | 0.5 |  100   |  True  | 0.398  |
| None | 0.9 | 1e-05  | False  | 0.096  |
| None | 0.9 | 0.0001 | False  | 0.098  |
| None | 0.9 | 0.001  | False  | 0.096  |
| None | 0.9 |  0.01  | False  | 0.095  |
| None | 0.9 |  0.1   | False  | 0.101  |
| None | 0.9 |   1    | False  | 0.101  |
| None | 0.9 |   10   | False  | 0.099  |
| None | 0.9 |  100   | False  | 0.109  |
|  9   | 0.9 | 1e-05  | False  | 0.095  |
|  9   | 0.9 | 0.0001 | False  | 0.095  |
|  9   | 0.9 | 0.001  | False  | 0.092  |
|  9   | 0.9 |  0.01  | False  | 0.092  |
|  9   | 0.9 |  0.1   | False  | 0.107  |
|  9   | 0.9 |   1    | False  |  0.15  |
|  9   | 0.9 |   10   | False  |  0.17  |
|  9   | 0.9 |  100   | False  | 0.169  |
|  8   | 0.9 | 1e-05  | False  |  0.09  |
|  8   | 0.9 | 0.0001 | False  | 0.091  |
|  8   | 0.9 | 0.001  | False  | 0.091  |
|  8   | 0.9 |  0.01  | False  | 0.096  |
|  8   | 0.9 |  0.1   | False  | 0.109  |
|  8   | 0.9 |   1    | False  | 0.153  |
|  8   | 0.9 |   10   | False  | 0.172  |
|  8   | 0.9 |  100   | False  | 0.171  |
|  7   | 0.9 | 1e-05  | False  | 0.098  |
|  7   | 0.9 | 0.0001 | False  | 0.098  |
|  7   | 0.9 | 0.001  | False  | 0.097  |
|  7   | 0.9 |  0.01  | False  | 0.097  |
|  7   | 0.9 |  0.1   | False  | 0.111  |
|  7   | 0.9 |   1    | False  | 0.155  |
|  7   | 0.9 |   10   | False  | 0.172  |
|  7   | 0.9 |  100   | False  | 0.174  |
| None | 0.9 | 1e-05  |  True  | 0.099  |
| None | 0.9 | 0.0001 |  True  | 0.097  |
| None | 0.9 | 0.001  |  True  | 0.091  |
| None | 0.9 |  0.01  |  True  | 0.091  |
| None | 0.9 |  0.1   |  True  | 0.103  |
| None | 0.9 |   1    |  True  | 0.146  |
| None | 0.9 |   10   |  True  | 0.168  |
| None | 0.9 |  100   |  True  |  0.17  |
|  9   | 0.9 | 1e-05  |  True  | 0.095  |
|  9   | 0.9 | 0.0001 |  True  | 0.095  |
|  9   | 0.9 | 0.001  |  True  | 0.092  |
|  9   | 0.9 |  0.01  |  True  | 0.092  |
|  9   | 0.9 |  0.1   |  True  | 0.107  |
|  9   | 0.9 |   1    |  True  |  0.15  |
|  9   | 0.9 |   10   |  True  |  0.17  |
|  9   | 0.9 |  100   |  True  | 0.169  |
|  8   | 0.9 | 1e-05  |  True  |  0.09  |
|  8   | 0.9 | 0.0001 |  True  | 0.091  |
|  8   | 0.9 | 0.001  |  True  | 0.091  |
|  8   | 0.9 |  0.01  |  True  | 0.096  |
|  8   | 0.9 |  0.1   |  True  | 0.109  |
|  8   | 0.9 |   1    |  True  | 0.153  |
|  8   | 0.9 |   10   |  True  | 0.172  |
|  8   | 0.9 |  100   |  True  | 0.171  |
|  7   | 0.9 | 1e-05  |  True  | 0.098  |
|  7   | 0.9 | 0.0001 |  True  | 0.098  |
|  7   | 0.9 | 0.001  |  True  | 0.097  |
|  7   | 0.9 |  0.01  |  True  | 0.097  |
|  7   | 0.9 |  0.1   |  True  | 0.111  |
|  7   | 0.9 |   1    |  True  | 0.155  |
|  7   | 0.9 |   10   |  True  | 0.172  |
|  7   | 0.9 |  100   |  True  | 0.174  |
+------+-----+--------+--------+--------+ 

